FIFO Output Data: 
2 52 32 18 67 89 8 57 46 46 
63 78 35 57 32 24 23 92 75 21 
31 0 35 16 11 16 64 57 19 73 
65 95 91 95 80 50 79 99 46 9 
62 51 42 10 53 46 87 3 6 60 
18 40 26 94 23 52 63 50 86 36 
56 96 31 77 77 71 49 69 75 62 
16 57 63 66 64 17 53 0 60 63 
12 74 65 52 24 33 1 78 56 18 
13 78 56 73 88 23 95 75 94 26 


LIFO Output Data: 
95 77 50 83 51 85 4 31 66 65 
68 75 83 69 50 28 34 31 4 72 
99 35 46 76 43 49 19 41 58 76 
89 32 78 93 48 5 61 48 24 77 
9 20 28 89 52 62 67 3 1 65 
69 69 65 12 28 36 57 24 7 58 
68 75 77 88 99 11 95 24 97 35 
86 70 71 45 4 74 52 87 5 0 
51 56 72 61 62 47 76 63 94 70 
72 54 63 90 50 13 46 18 14 19 


Sorted Output Data: 
4 4 80 49 52 75 91 98 73 90 
52 66 84 66 9 22 98 35 65 35 
62 57 73 98 98 23 72 27 42 49 
50 49 42 70 22 61 60 27 43 55 
90 52 73 98 28 72 40 45 56 53 
83 34 38 74 52 8 45 84 25 28 
47 83 29 33 91 21 89 12 20 67 
19 58 13 29 60 80 82 87 88 89 
89 95 28 68 73 15 35 61 39 42 
59 88 27 56 26 14 20 6 9 0 


Priority Output Data: 
29 24 73 45 75 37 5 64 95 26 
43 5 3 22 82 22 69 24 53 63 
85 86 84 77 94 84 33 14 41 21 
13 89 5 31 14 66 78 63 45 54 
1 71 6 34 82 11 96 51 67 61 
50 56 30 21 63 34 75 12 58 80 
27 81 45 31 16 99 39 78 23 81 
68 8 27 30 16 63 20 49 39 35 
13 46 95 86 91 65 99 80 78 77 
87 39 85 80 54 5 38 61 2 65 


100 in 400 out