FIFO input data: 
2 52 32 18 67 89 8 57 46 46 
63 78 35 57 32 24 23 92 75 21 
31 0 35 16 11 16 64 57 19 73 
65 95 91 95 80 50 79 99 46 9 
62 51 42 10 53 46 87 3 6 60 
18 40 26 94 23 52 63 50 86 36 
56 96 31 77 77 71 49 69 75 62 
16 57 63 66 64 17 53 0 60 63 
12 74 65 52 24 33 1 78 56 18 
13 78 56 73 88 23 95 75 94 26 


LIFO input data: 
19 14 18 46 13 50 90 63 95 77 
50 83 51 85 4 31 66 65 68 75 
83 69 50 28 34 31 4 72 99 35 
46 76 43 49 19 41 58 76 89 32 
78 93 48 5 61 48 24 77 9 20 
28 89 52 62 67 3 1 65 69 69 
65 12 28 36 57 24 7 58 68 75 
77 88 99 11 95 24 97 35 86 70 
71 45 4 74 52 87 5 0 51 56 
72 61 62 47 76 63 94 70 72 54 


Sorted input data: 
34 40 9 52 73 98 91 49 4 80 
75 52 28 66 22 66 90 42 49 84 
23 35 22 98 35 65 57 62 49 73 
98 98 27 72 42 8 27 50 6 14 
70 60 61 52 26 43 55 90 15 73 
98 12 72 53 45 56 52 83 74 38 
21 29 25 45 84 13 28 47 83 9 
33 91 89 19 20 0 67 4 58 28 
29 60 80 82 87 88 89 89 95 27 
68 73 39 35 61 59 42 20 88 56 


Priority input data: 
77 29 24 73 5 41 45 75 37 22 
21 82 5 64 13 95 14 26 43 78 
3 24 63 22 69 54 53 85 86 84 
6 67 94 84 33 14 75 80 81 89 
5 31 81 66 35 63 45 65 1 71 
80 34 82 11 96 51 78 61 50 56 
30 21 63 34 77 12 58 87 27 85 
45 31 16 99 39 78 23 80 68 8 
27 30 16 63 20 49 39 54 13 46 
95 86 91 5 99 38 61 2 65 39 


